2 2 1 
4 4 3 4 6 2
2 5 6 1 7 8 3
0.28 5
1 1
35
R N 2 1 10 30
R G 3 2 15 37
R V 3 3 18 55
R V 4 5 12 44
X 5 1
R N 5 6 11 32
P 6 6 13
R N 6 7 20 70
R V 6 8 20 70
X 7 7 
R N 7 9 15 35
R N 7 10 22 45
R V 8 11 20 70
R G 8 12 10 30
X 8 9 
X 9 10 
R V 10 13 16 53
R G 11 14 10 30
R N 11 15 18 38
P 12 15 20
R V 13 16 20 70
R V 13 17 22 78
R N 14 18 25 45
R N 15 19 30 50
X 17 18
P 17 17 20
R N 18 20 15 35
X 19 18 
R N 20 21 10 30
R G 21 22 5 15 
X 22 21
P 22 21 13
R N 22 23 10 30
R G 23 24 5 15 
R N 23 25 10 30