3      2       2
20       50       30       90       60       150
15       2        4        1        5        2        3
0.05       4
10       9
31
R        V        1        10        6        200
R        V        1        11        5        300
R        V        1        12        7        250
R        N        4        12        10       500
R        G        5        13        7        380
R        G        6        14        10       600
R        V        6        15        15       750
R        N        7        16        4        250
R        G        8        17        3        300
R        V        8        18        6        400
X        12       16
R        N        13        19        60      2500
R        V        13        20        20      1000
R        V        14        21        5       400
R        G        14        22        30      3000
R        N        18        23        100     2500
P        19       23        2500
R        G        21        24        11      720
R        N        22        25        9       500
X	 24	  25
R	 V	  30        26	      69      420
R	 G	  32 	    27	      21      1300
R	 V	  32        28	      15      900
R	 V	  35	    29	      5	      600
R	 N	  36        30        17      2400
R	 N	  36	    31	      7       450
R        N        36        32        12      700
R	 G        40	    33        13      900
R	 V        42        34        5       400
R        N        42        35        16      700
R	 G        43        36        9       650
