2  11  1  0  1
2  12  1  0  1
2  10  1  0  1
5  12  4  0  4
6  13  5  0  5
7  15  6  0  6
7  14  6  0  6
8  16  7  0  7
9  18  8  0  8
9  17  8  0  8
14  20  13  0  13
15  19  13  0  13
15  21  14  0  14
15  22  14  0  14
20  23  18  0  18
22  24  21  0  21
23  25  22  0  22
31  26  30  0  30
33  28  32  0  32
33  27  32  0  32
36  29  35  0  35
37  30  36  0  36
37  31  36  0  36
37  32  36  0  36
41  33  40  0  40
43  35  42  0  42
43  34  42  0  42
44  36  43  0  43
Orders: 28 [Norm: 9, Veg : 8, VIP : 11]
Cooks: 7 [Norm: 3, Veg :2, VIP : 2, injured :0]
Avg Wait = 0,  Avg Serv = 20.2143
Urgent orders :0, Auto - promoted : 0%
