4  1  2  0  2
6  3  3  0  3
6  5  4  0  4
8  2  3  0  3
8  6  5  0  5
9  8  6  0  6
12  12  8  0  8
13  11  8  0  8
13  13  10  0  10
14  15  11  0  11
17  17  13  0  13
17  16  13  1  14
19  14  11  4  15
20  18  14  2  16
25  19  15  2  17
22  21  20  0  20
22  22  21  0  21
24  23  22  0  22
24  24  23  0  23
26  20  18  3  21
26  25  23  1  24
Orders: 21 [Norm: 6, Veg : 5, VIP : 10]
Cooks: 5 [Norm: 2, Veg :2, VIP : 1, injured :0]
Avg Wait = 2.16667,  Avg Serv = 12.6667
Urgent orders :2, Auto - promoted : 33.3333%
